N = 58892348787207845495837767019738363205265106948884930169452066733176296998870753776029173
Φ(N)= 58887832362501899511719783862938948002601247090610514194024841950353923433472941096960000
e1= 977
e2= 569
e3= 827
e4= 743
e5= 613
e6= 997
e7= 829
e8= 661
E'= 1229659619209293613948437567198201936623956190194286512481052620976421729574194904228593
E= 332055497
D= 12925576718440917839269998886817461458857091731519472969164785417917148941039280463334546806536098350491814999550671336072502945938238441803180112998203005736551552037230003833
input= 786786
output= 593991215332
decrypted= 786786
Anahtar Oluşturma Süresi: 12.164438 ms
Encryption Süresi: 0.108231 ms
Decryption Süresi: 0.869577 ms
